Faculty #  Old Salary      Raise %         Pay Raise       New Salary     
101        52500.00        7.0             3675.00         56175.00       
102        64029.50        7.0             4482.07         68511.57       
103        56000.00        7.0             3920.00         59920.00       
104        50001.00        7.0             3500.07         53501.07       
105        65500.00        7.0             4585.00         70085.00       
106        42800.00        5.5             2354.00         45154.00       
107        45000.50        5.5             2475.03         47475.53       
108        68900.00        7.0             4823.00         73723.00       
109        60000.00        7.0             4200.00         64200.00       
110        59999.94        7.0             4200.00         64199.94       
111        54120.25        7.0             3788.42         57908.67       
112        64100.95        7.0             4487.07         68588.02       
113        44000.50        5.5             2420.03         46420.53       
114        80100.20        4.0             3204.01         83304.21       
115        90000.00        4.0             3600.00         93600.00       
116        41000.00        5.5             2255.00         43255.00       
117        60000.20        7.0             4200.01         64200.21       
118        49999.99        5.5             2750.00         52749.99       
119        55120.25        7.0             3858.42         58978.67       
120        66100.20        7.0             4627.01         70727.21       
121        60500.50        7.0             4235.04         64735.54       
122        72000.00        4.0             2880.00         74880.00       
123        50000.01        7.0             3500.00         53500.01       
124        50000.00        5.5             2750.00         52750.00       
125        80001.75        4.0             3200.07         83201.82       
126        60001.00        7.0             4200.07         64201.07       
127        70000.01        4.0             2800.00         72800.01       
128        70000.00        7.0             4900.00         74900.00       
129        90002.65        4.0             3600.11         93602.76       
130        45000.00        5.5             2475.00         47475.00       
131        120000.00       4.0             4800.00         124800.00      
132        100000.99       4.0             4000.04         104001.03      
133        80002.59        4.0             3200.10         83202.69       
134        75100.19        4.0             3004.01         78104.20       
135        150000.02       4.0             6000.00         156000.02      
136        85000.95        4.0             3400.04         88400.99       

Total Raise Amount: 132348.59
Average Raise Amount: 3676.35
Total Salary Before Raise: 2426884.14
Total Salary After Raise: 2559232.73
Average Salary Before Raise: 67413.45
Average Salary After Raise: 71089.80
